0	0
1	0
-1	0
1	1
1	-1
2	0
-2	0
0	1
0	-1
0	2
-2	-1
0	3
-1	3
1	2
-1	-1
-2	-2
-2	-3
-1	2
-3	-2
-2	1
-1	-3
-1	4
3	0
0	4
-3	0
-4	0
2	2
-1	-2
4	0
-5	0
-2	-4
-5	1
2	3
3	3
0	5
3	4
-3	-4
4	-1
1	5
-1	1
-6	0
-4	-1
-6	1
3	-1
4	4
-7	1
-2	4
-3	-3
3	5
3	6
-7	2
-2	5
5	0
2	4
-4	-4
-8	2
-3	4
-4	-5
-4	4
-5	-4
-4	-6
-5	-5
-6	2
-9	2
5	-1
-6	-5
-3	5
5	1
-4	5
-2	-5
4	3
-1	-5
-5	5
-2	-6
4	6
1	6
-4	-7
4	-2
-6	5
4	7
5	-2
-2	-7
-9	1
-9	3
-10	3
4	5
5	-3
-4	-8
-3	-8
-7	5
1	7
1	4
-3	-9
5	7
6	-3
-10	2
-2	6
6	-4
-3	6
-3	-10
-3	7
6	7
-3	8
6	6
1	8
-2	-10
-9	0
-5	6
-2	-11
6	-1
-4	-9
-10	0
6	8
-1	-7
5	-4
-1	-10
0	8
-5	-9
-4	-10
-11	0
-8	3
4	-4
7	7
7	6
-4	-11
1	9
4	8
-10	1
0	-10
-11	-1
6	9
-1	8
-11	2
-5	-11
-3	9
2	9
-4	8
-12	0
-13	0
5	2
-12	2
-4	-12
6	-5
7	8
6	-2
6	-6
-13	2
3	9
8	7
-5	-8
2	10
7	-3
3	10
6	-7
-5	-12
8	8
-5	-10
-12	3
-7	-5
9	7
-12	1
-14	2
7	-1
-6	-12
-6	-13
-7	-12
7	5
-4	7
2	11
-14	0
7	-7
7	-5
-8	-12
-4	-13
-1	-4
-2	9
2	12
-5	-13
-14	-1
-7	-6
-6	6
-14	-2
-8	-13
0	-7
1	10
5	-5
-7	6
1	12
9	8
-3	-13
-4	-14
9	9
2	5
-8	-14
2	13
-4	9
3	11
-15	0
2	14
-8	-11
-6	7
7	0
-6	8
10	9
3	14
4	14
-15	2
5	8
4	15
5	15
8	-1
-15	-1
-1	-11
-15	-2
-6	-1
-7	8
8	-7
-7	9
11	9
-7	10
-8	-15
-9	-15
9	10
1	14
5	16
8	-8
-9	-11
-7	11
-4	-15
-15	3
-9	-16
-12	4
-16	-2
8	-5
-7	7
-10	-16
-16	-3
-11	-16
6	-8
9	-1
-8	10
-7	12
-12	-16
-16	2
12	9
-14	-3
5	6
0	-9
-12	5
-5	-15
-17	2
-12	6
-9	10
-7	13
-18	2
1	15
-19	2
-17	-3
1	16
-13	6
0	10
-19	1
12	10
-17	-4
1	17
9	-2
9	-8
0	16
8	-2
-17	-2
13	9
-18	-3
-18	3
-13	-16
-13	-15
10	-2
-4	-16
-19	-3
-5	-16
6	15
13	10
6	16
-9	-17
-17	3
10	-8
-16	3
13	11
-4	-17
8	-9
14	9
15	9
-3	-16
5	17
-2	-16
-7	14
14	10
5	18
-18	-2
8	-10
9	-3
-19	0
-1	-16
-6	14
-10	-17
-8	13
-14	-16
10	-9
-20	-3
-13	7
13	12
-12	7
8	-11
14	8
-18	-4
4	18
-15	-16
8	5
5	19
4	19
-4	-18
-14	-15
-20	-4
-8	-17
-7	15
11	-2
-15	-17
-2	-13
6	17
-1	16
9	0
-8	-18
-10	-18
-20	-5
-12	-17
16	9
-10	-11
0	-16
-15	-15
-8	-16
-12	-18
14	12
-12	-19
-14	7
15	12
-20	-6
4	20
6	19
11	-3
7	17
-18	-1
4	21
-20	1
-21	-3
9	1
-21	-6
-11	-19
4	22
7	18
-8	-19
10	-3
-15	-18
-17	4
-16	-17
15	11
-6	15
-21	-5
-17	-17
-1	-17
-12	-20
12	-3
-15	7
-12	-21
3	22
9	-11
15	10
-2	-17
16	10
11	-1
14	13
-20	2
-16	-18
-13	-18
-1	17
6	20
-10	10
-9	13
16	11
-20	3
-7	-19
3	23
17	11
-13	-21
5	22
-9	14
-12	-22
-15	8
-22	-6
-21	-2
6	22
-17	-18
-7	-20
-10	14
-16	8
-18	-17
9	-10
8	18
17	12
-21	3
-21	-7
18	12
-22	3
-19	-5
-23	-6
6	21
-3	-18
-8	-20
-16	9
13	8
-17	9
-19	3
-2	16
-13	-20
1	-16
3	24
13	-3
10	-11
0	-11
-18	-16
-16	4
8	19
-10	-15
-23	-5
-1	-15
7	-8
-19	-17
2	24
-5	15
2	22
-2	-18
14	14
1	-17
11	-8
3	25
-17	8
17	10
-13	-22
19	12
17	13
2	25
-7	-21
19	11
4	25
-20	-17
-15	-19
1	24
-11	14
19	13
-23	3
2	26
14	15
16	8
20	12
1	26
-7	16
1	-18
16	7
10	-12
1	23
-6	12
15	14
1	27
-18	8
0	27
-8	-21
20	13
8	20
-12	14
-13	14
1	28
-24	-5
21	13
-16	10
2	27
-12	15
-20	-18
13	15
-25	-5
-25	-4
2	-16
8	-12
-17	10
16	12
-18	10
0	24
0	25
-13	-23
12	-8
5	25
1	-19
-22	-7
-18	11
22	13
-22	-2
-1	27
13	14
-7	-22
-20	-7
22	14
15	7
-18	7
2	-17
-18	12
-6	-19
13	-8
-22	-8
8	21
-26	-5
5	26
-14	14
-2	27
-22	-9
-20	4
1	-20
-23	-7
-14	13
23	13
-22	-10
23	12
2	-20
3	-20
4	26
1	-21
3	27
-19	10
-3	27
3	-16
7	21
-20	-16
-16	11
19	14
24	12
-27	-5
-20	10
24	13
-27	-6
25	12
-21	-10
11	-12
16	6
-22	4
3	28
2	28
9	-12
-20	0
-6	-18
12	-12
6	25
3	29
-15	13
3	-21
22	15
-14	-21
4	29
-21	1
22	16
25	13
12	-13
-14	-23
-27	-7
-22	5
-4	27
8	17
13	-13
-27	-8
26	13
15	15
3	30
6	26
0	-21
-25	-3
-8	15
-22	6
-7	17
-20	11
0	-22
7	26
-13	-24
27	13
2	30
-25	-2
-21	-16
-23	5
-25	-1
25	14
7	27
24	14
7	25
-3	28
-24	5
0	15
12	-4
8	25
-22	7
27	12
27	14
-23	6
-3	29
-17	-16
8	16
13	-2
4	30
1	30
-8	-22
-21	11
14	-2
-22	11
14	-13
-1	-22
27	11
-18	13
-28	-8
23	16
-21	-18
-22	-16
4	-21
-12	-23
-14	15
-29	-8
-8	-23
5	30
0	-23
-5	27
-5	28
22	17
-21	-17
28	11
-26	-1
-13	-25
4	-22
-25	5
-22	-11
-23	-16
14	-12
-30	-8
28	10
-28	-7
-3	30
17	7
-5	29
28	12
8	26
-19	12
23	17
-8	17
-23	-17
-14	-25
9	26
-31	-8
29	12
22	18
4	-23
-14	-26
23	18
-3	31
23	19
24	18
8	22
-15	-20
0	-24
-14	-27
5	-22
27	15
13	-14
15	-2
10	26
16	-2
25	18
29	11
30	12
21	17
16	15
-5	30
-23	-18
28	9
1	-24
-8	-24
-23	11
1	-25
6	-22
-20	12
21	18
-15	-27
26	11
-21	-19
29	13
1	22
16	-1
27	10
-6	30
8	27
-3	32
-7	-24
-7	-25
27	16
27	17
31	12
29	9
-15	-26
-7	-26
7	-22
5	31
-29	-7
5	-23
2	31
6	-21
-24	-16
7	-21
-12	16
2	32
0	-25
-6	31
-24	11
-14	-28
28	17
-28	-5
17	8
29	14
-11	16
12	-7
3	32
6	30
13	-12
28	15
-6	27
-26	5
-24	-15
31	13
-23	-19
4	32
2	33
-25	-15
31	14
-12	-25
-6	-24
18	7
-3	33
15	-13
15	6
10	27
-14	-29
7	-23
30	13
13	-15
-14	-30
15	-3
-31	-9
2	34
-13	16
-32	-8
-29	-9
27	18
-32	-9
28	18
10	25
28	8
19	7
2	35
-15	15
13	-16
11	27
-18	14
-16	-27
32	12
30	14
14	-15
-8	-26
-26	-7
32	11
-14	16
1	35
11	28
28	7
3	35
4	35
-24	-19
-24	-18
31	15
33	12
17	6
18	6
3	-23
31	16
-6	32
-19	14
29	18
-4	31
-33	-9
-6	26
-32	-7
-34	-9
-7	31
5	35
30	9
18	5
8	-22
-34	-10
4	34
28	6
-25	-19
-23	12
12	28
23	20
32	16
-8	31
32	10
0	35
8	-23
1	-26
-13	-30
-19	15
-6	33
33	13
22	19
-21	-20
16	16
-25	11
-26	-15
-34	-11
-9	31
-33	-11
2	-26
11	29
-20	-20
-19	16
24	19
33	14
2	-27
-29	-6
7	-20
-9	-26
4	36
-25	12
27	8
12	29
12	27
-23	-20
-6	34
-8	18
-7	32
-33	-7
-7	34
-33	-12
-6	-22
-1	35
6	35
32	9
14	-8
29	6
1	-27
34	12
30	16
-6	35
27	7
-5	34
12	-11
-26	0
1	-28
9	-22
20	18
-26	4
9	-23
27	6
35	12
-7	33
-34	-12
-13	-29
16	-3
3	-24
-20	16
-35	-9
-16	-26
30	6
-35	-8
27	5
-36	-9
12	-16
14	-16
15	-15
-26	-19
9	-24
-10	31
-26	-20
36	12
17	5
1	36
4	37
-15	-30
-35	-10
30	15
16	-15
-32	-11
-17	-27
-34	-13
-20	17
3	-27
-35	-7
10	24
3	37
33	9
35	13
-17	-28
-15	-31
12	-6
24	20
-8	34
6	36
10	-24
3	38
-7	35
26	5
8	-24
-9	34
-37	-9
30	18
5	36
37	12
5	37
13	27
37	13
37	11
-10	34
-23	13
3	-25
30	5
2	37
-35	-13
-5	35
11	-24
-24	13
-10	35
38	12
-35	-6
-38	-9
-11	35
31	5
-21	16
-15	-32
16	-14
-21	17
5	34
2	36
-24	-20
6	34
15	-8
-36	-6
-6	36
-36	-13
10	-25
-7	36
1	37
10	-26
-37	-10
11	-26
32	17
33	17
-11	36
-24	14
38	11
-14	-32
12	-26
-37	-8
38	10
13	-17
-35	-5
-6	37
-14	-31
31	4
17	-14
-36	-10
-36	-5
-13	-32
38	13
-16	-32
14	-17
-13	-33
12	-25
-26	-21
-7	27
25	19
5	38
-35	-14
10	-27
-16	-33
-8	27
-10	32
-6	38
2	-28
-10	30
-20	18
-33	-6
12	-24
-8	-27
38	9
-15	-33
-9	32
-37	-5
6	37
-37	-13
-19	18
1	-29
-18	-27
-26	11
-38	-13
-26	-22
-16	-31
3	36
35	14
-27	11
11	-27
-11	37
-6	16
-36	-14
-28	-4
-5	38
-38	-12
6	38
35	15
-11	38
15	-9
-12	-33
34	17
32	5
7	35
12	30
16	-8
15	-17
36	15
-36	-7
-10	38
-27	-22
-6	39
-39	-13
-34	-6
31	3
-25	13
10	-28
-20	-21
0	-28
7	38
-32	-12
-35	-11
-17	-33
-11	39
17	-15
-10	39
7	39
-25	-22
-12	35
-23	14
-13	-34
-25	-23
39	10
24	21
23	21
-37	-6
-38	-5
35	16
30	19
6	39
-39	-5
-40	-13
-11	40
-41	-13
-9	27
-26	13
37	10
32	18
32	6
32	3
-12	40
-35	-15
-17	-32
1	-30
-12	-32
8	38
-24	-23
-13	35
8	39
-8	19
16	-7
13	28
-13	40
37	9
-36	-15
-39	-6
-12	41
26	4
6	40
18	-14
-14	40
-40	-12
40	10
1	38
25	4
8	35
-30	-6
40	9
-11	-33
2	38
6	41
34	18
17	-2
8	40
-13	39
-1	34
30	3
-40	-6
0	-27
-17	-34
-10	-33
-28	-22
7	41
-41	-6
37	15
12	-27
35	17
-12	42
-34	-7
40	8
13	-25
-17	-35
-18	-34
40	7
13	-27
-37	-14
25	21
-27	13
-40	-14
41	9
14	-27
-18	-35
13	29
-37	-15
2	39
-9	-33
9	-26
-19	-35
-18	-36
0	-29
15	-27
15	-28
-40	-15
-41	-12
4	-25
-16	-35
-40	-11
19	-14
10	-29
-20	19
-13	38
-12	43
14	-26
14	-7
26	21
31	19
-12	-34
-17	-29
-2	34
-10	-34
15	-29
42	9
40	6
5	-24
10	-30
-15	40
-19	-36
-6	-26
-13	-35
-12	44
20	-14
-6	-27
39	13
32	4
-25	-24
9	-30
-31	-12
-40	-5
8	41
-42	-13
-11	32
40	13
-13	-36
12	26
42	10
-19	-37
-11	42
-24	12
-15	39
16	-29
-16	-36
34	19
-41	-7
-12	45
6	42
-39	-15
-13	36
38	8
38	15
-40	-16
-18	-37
16	-28
-6	40
33	19
33	3
40	14
6	43
-39	-12
-18	-33
-20	-37
-40	-4
41	6
-16	39
-12	-36
-41	-15
-22	17
19	-15
18	-2
-13	45
-9	-34
-18	-38
10	29
-24	-24
-40	-3
33	6
-10	42
15	-26
7	43
43	9
-11	45
44	9
1	-31
-25	-16
16	-30
29	19
26	3
11	-29
-14	17
39	15
-10	45
-12	-37
-15	38
-9	-35
17	-28
37	16
-11	44
-27	14
14	28
-41	-8
16	-26
-13	43
9	39
-11	-36
44	10
15	28
8	36
18	-28
41	14
41	5
8	-26
6	44
-1	-28
7	44
7	45
-27	-1
9	36
-20	-38
41	4
-41	-5
32	2
17	-30
-11	46
16	-9
-13	46
-13	47
38	16
5	44
-21	-37
42	14
34	20
15	-30
30	20
10	-31
-14	41
35	20
-40	-17
36	20
-17	-38
-22	-37
16	-31
-16	-38
43	14
-28	13
9	40
42	15
-18	-39
-42	-6
-42	-15
-9	45
8	45
17	-29
18	-29
25	22
37	17
-7	40
17	-7
-11	47
19	-29
10	-32
-41	-17
31	20
-14	18
-11	-35
30	21
18	-13
-20	20
0	-31
-18	-32
34	3
20	-29
-21	-36
-17	39
-42	-5
44	11
-42	-17
-11	48
22	21
-28	12
20	-28
39	14
-11	49
17	-6
0	-30
-41	-3
6	45
-22	-36
9	38
-43	-5
18	-27
9	45
-44	-5
-13	34
-24	15
15	-18
-9	-36
42	4
-9	44
37	18
-12	38
44	14
45	9
-18	39
-41	-2
14	-29
-45	-5
-22	18
13	30
30	22
-23	-37
-23	-38
10	40
-41	-18
31	22
19	-16
10	38
-28	-21
10	45
1	39
-28	-1
-42	-8
-28	14
21	-28
-28	15
-41	-19
5	43
4	44
43	11
-23	-39
1	40
1	41
31	2
22	-28
22	-29
-24	-39
-17	-39
-8	45
46	9
43	4
10	46
-14	47
31	23
13	-29
-21	-38
-29	-22
-30	-22
-20	-39
-14	19
20	-30
-8	44
-25	-39
-18	40
46	8
15	-31
-42	-12
-43	-6
0	-32
46	10
31	24
-45	-6
-12	-38
10	44
-36	-16
-10	46
44	4
-23	-40
-35	-4
-14	48
-19	40
24	22
-43	-12
44	13
11	46
-42	-16
-25	14
-26	-24
-20	-40
-10	48
26	22
20	-31
22	-27
-43	-16
17	-31
20	-27
11	44
-13	44
11	40
23	-29
10	47
-14	49
-12	-39
-44	-6
-46	-6
32	24
8	-27
43	15
-31	-13
34	2
-42	-18
17	-32
-10	49
-27	15
-44	-16
-46	-5
42	5
20	-32
30	24
-22	-39
-11	50
24	-29
-30	-23
-9	48
-42	-19
9	47
-7	44
-44	-4
-9	49
12	40
-8	48
35	2
-27	5
-24	-40
-45	-16
-15	49
-29	13
17	-33
-8	-34
45	4
10	36
44	3
-47	-5
17	-34
42	16
46	4
43	16
-9	28
-48	-5
-46	-7
-18	41
-23	-41
-15	48
47	9
